270
2035638
0
0
41
10
0
0
1
22
0
0
0
2
33
10
0
0
3
40
20
0
0
4
61
90
0
0
5
29
0
0
0
6
30
10
0
0
7
33
10
0
0
8
37
0
0
0
9
22
20
0
0
1
0
37
10
2
0
1
49
10
2
0
2
24
0
1
1
3
36
0
1
1
4
68
90
1
0
5
56
20
1
1
6
52
20
1
0
7
23
0
1
0
8
30
20
1
1
9
56
10
2
0
2
0
153
190
2
1
1
139
190
1
1
2
133
190
2
1
3
82
90
2
1
4
81
90
1
1
5
74
90
2
1
6
128
180
1
1
7
130
190
1
1
8
91
90
1
1
9
99
180
2
1
3
0
116
180
1
1
1
112
180
1
1
2
114
90
2
1
3
71
90
2
1
4
144
190
2
1
5
155
190
1
1
6
154
190
2
1
7
138
190
1
1
8
124
180
2
1
9
136
190
2
1
4
0
85
90
2
1
1
117
180
1
1
2
130
180
1
1
3
131
180
1
1
4
150
190
1
1
5
73
90
1
1
6
122
180
1
1
7
145
190
2
1
8
127
190
1
1
9
60
90
2
1
5
0
88
90
0
1
1
160
190
0
1
2
115
180
0
1
3
134
180
0
1
4
87
90
0
1
5
151
190
0
1
6
126
180
0
1
7
131
180
0
1
8
142
180
0
1
9
146
190
0
1
6
0
97
90
1
1
1
73
90
2
1
2
121
180
2
1
3
168
190
1
1
4
159
190
2
1
5
62
90
2
1
6
142
190
2
1
7
139
190
1
1
8
123
180
2
1
9
69
90
1
1
7
0
28
0
1
0
1
78
90
1
1
2
47
20
1
0
3
128
180
1
1
4
124
180
2
1
5
78
90
1
1
6
50
20
1
1
7
108
190
2
1
8
32
10
2
1
9
123
190
1
1
8
0
56
10
1
0
1
57
90
1
1
2
49
0
1
1
3
39
10
2
0
4
64
90
1
1
5
47
0
1
1
6
49
0
1
1
7
38
10
2
1
8
42
10
1
0
9
35
0
1
1
9
0
124
180
1
1
1
45
10
1
1
2
51
10
2
1
3
112
180
1
1
4
39
20
1
1
5
80
90
2
1
6
85
90
1
1
7
114
180
1
1
8
135
180
2
1
9
53
10
1
1
10
0
50
20
0
0
1
40
10
0
0
2
46
0
0
0
3
85
90
0
0
4
38
10
0
0
5
73
90
0
0
6
51
10
0
0
7
27
0
0
0
8
26
10
0
0
9
52
10
0
0
11
0
70
90
0
1
1
112
180
0
1
2
156
190
0
1
3
139
190
0
1
4
126
180
0
1
5
117
190
0
1
6
154
190
0
1
7
118
180
0
1
8
101
180
0
1
9
136
190
0
1
12
0
151
190
0
1
1
64
90
0
1
2
141
190
0
1
3
91
90
0
1
4
78
90
0
1
5
126
180
0
1
6
83
90
0
1
7
158
190
0
1
8
81
90
0
1
9
67
90
0
1
13
0
30
0
2
1
1
124
190
2
1
2
144
190
2
1
3
187
190
1
1
4
142
180
2
1
5
116
190
1
1
6
108
190
1
1
7
74
90
2
1
8
93
90
2
1
9
125
180
2
1
14
0
90
90
1
1
1
86
90
2
1
2
73
90
1
1
3
93
90
1
1
4
72
90
1
1
5
115
190
1
1
6
117
190
2
1
7
136
190
2
1
8
70
90
2
1
9
72
90
2
1
15
0
92
90
2
1
1
139
190
2
1
2
85
90
2
1
3
46
20
1
0
4
159
190
1
1
5
90
90
1
1
6
107
90
2
1
7
100
90
1
1
8
101
90
1
1
9
106
180
2
1
16
0
157
190
1
1
1
175
190
2
1
2
84
90
1
1
3
129
180
1
1
4
130
190
1
1
5
141
190
2
1
6
53
90
1
1
7
139
180
1
1
8
99
180
2
1
9
113
180
1
1
17
0
151
190
1
1
1
120
180
2
1
2
81
90
1
1
3
94
180
1
1
4
110
90
2
1
5
83
90
2
1
6
116
190
2
1
7
123
180
1
1
8
107
180
2
1
9
143
190
2
1
18
0
173
190
0
1
1
135
190
0
1
2
136
190
0
1
3
112
190
0
1
4
126
180
0
1
5
119
180
0
1
6
121
180
0
1
7
131
180
0
1
8
129
180
0
1
9
161
190
0
1
19
0
118
180
1
1
1
107
180
2
1
2
75
90
2
1
3
122
180
1
1
4
65
90
2
1
5
92
90
2
1
6
51
90
2
1
7
82
90
2
1
8
76
90
1
1
9
95
90
2
1
20
0
131
190
2
1
1
91
90
1
1
2
171
190
2
1
3
43
10
2
1
4
174
190
1
1
5
74
90
2
1
6
137
180
2
1
7
91
90
1
1
8
95
90
1
1
9
114
180
1
1
21
0
131
180
0
1
1
66
90
0
1
2
46
0
0
1
3
140
180
0
1
4
75
90
0
1
5
118
180
0
1
6
44
0
0
1
7
34
0
0
0
8
107
180
0
1
9
26
0
0
0
22
0
133
180
0
1
1
79
90
0
1
2
134
190
0
1
3
109
90
0
1
4
123
190
0
1
5
102
190
0
1
6
157
190
0
1
7
122
180
0
1
8
83
90
0
1
9
153
190
0
1
23
0
129
190
2
1
1
89
90
2
1
2
97
90
2
1
3
88
90
2
1
4
87
90
1
1
5
130
180
1
1
6
74
90
1
1
7
124
180
1
1
8
75
90
2
1
9
132
180
1
1
24
0
83
90
1
1
1
118
180
2
1
2
96
90
1
1
3
95
90
1
1
4
73
90
2
1
5
119
190
1
1
6
65
90
1
1
7
128
190
1
1
8
157
190
2
1
9
142
190
1
1
25
0
86
90
2
1
1
142
190
2
1
2
151
190
1
1
3
120
180
1
1
4
125
180
2
1
5
126
190
1
1
6
59
90
1
1
7
136
180
2
1
8
93
180
1
1
9
152
190
2
1
26
0
151
190
1
1
1
167
190
2
1
2
78
90
2
1
3
127
180
2
1
4
155
190
2
1
5
123
190
1
1
6
74
90
2
1
7
118
180
2
1
8
84
90
1
1
9
154
190
1
1
27
0
95
90
0
1
1
147
190
0
1
2
101
90
0
1
3
151
180
0
1
4
142
190
0
1
5
96
90
0
1
6
75
90
0
1
7
92
90
0
1
8
80
90
0
1
9
141
180
0
1
28
0
107
90
1
1
1
115
190
1
1
2
119
190
2
1
3
95
90
1
1
4
131
180
1
1
5
152
190
2
1
6
91
90
2
1
7
114
180
2
1
8
115
180
2
1
9
160
190
2
1
29
0
63
90
1
1
1
137
190
1
1
2
109
190
1
1
3
125
180
2
1
4
73
90
2
1
5
109
180
2
1
6
148
190
2
1
7
82
90
1
1
8
126
180
2
1
9
89
90
1
1
30
0
123
180
1
1
1
167
190
1
1
2
125
180
2
1
3
75
90
1
1
4
105
180
2
1
5
86
90
1
1
6
116
190
2
1
7
138
190
2
1
8
126
90
2
1
9
111
180
1
1
31
0
149
190
2
1
1
174
190
1
1
2
96
90
1
1
3
77
90
1
1
4
84
90
1
1
5
138
180
1
1
6
64
90
1
1
7
76
90
2
1
8
166
190
2
1
9
117
180
1
1
32
0
98
90
1
1
1
76
90
2
1
2
125
190
2
1
3
128
190
2
1
4
110
90
1
1
5
54
90
1
1
6
93
180
1
1
7
84
90
2
1
8
139
190
2
1
9
77
90
1
1
33
0
230
370
1
1
1
142
270
1
1
2
234
370
1
1
3
131
180
1
1
4
207
370
1
1
5
197
270
1
1
6
95
90
2
1
7
237
370
1
1
8
147
190
2
1
9
100
190
1
1
34
0
98
90
0
1
1
75
90
0
1
2
73
90
0
1
3
114
180
0
1
4
126
190
0
1
5
177
190
0
1
6
141
190
0
1
7
104
190
0
1
8
84
90
0
1
9
77
90
0
1
35
0
71
90
2
1
1
165
190
1
1
2
160
190
1
1
3
150
190
2
1
4
82
90
2
1
5
130
190
1
1
6
118
190
1
1
7
64
90
2
1
8
123
180
1
1
9
102
90
1
1
36
0
66
90
2
1
1
98
90
1
1
2
153
190
2
1
3
83
90
2
1
4
90
90
2
1
5
71
90
2
1
6
121
190
2
1
7
117
180
1
1
8
122
190
2
1
9
152
190
1
1
37
0
138
190
2
1
1
128
190
2
1
2
121
180
1
1
3
106
90
2
1
4
69
90
2
1
5
85
90
1
1
6
82
90
1
1
7
115
90
1
1
8
86
90
2
1
9
81
90
2
1
38
0
73
90
2
1
1
107
190
2
1
2
134
180
2
1
3
108
190
2
1
4
73
90
2
1
5
89
90
1
1
6
103
190
2
1
7
133
180
2
1
8
81
90
2
1
9
94
90
1
1
39
0
138
190
0
1
1
159
190
0
1
2
102
180
0
1
3
103
90
0
1
4
143
190
0
1
5
109
90
0
1
6
71
90
0
1
7
140
190
0
1
8
121
90
0
1
9
159
190
0
1
40
0
127
180
2
1
1
75
90
1
1
2
108
190
1
1
3
128
180
1
1
4
145
190
2
1
5
77
90
1
1
6
129
190
1
1
7
76
90
2
1
8
104
180
2
1
9
132
180
2
1
41
0
101
190
0
1
1
137
190
0
1
2
47
10
0
0
3
103
90
0
1
4
63
90
0
1
5
44
0
0
1
6
62
90
0
0
7
178
280
0
1
8
136
180
0
1
9
170
180
0
1
42
0
69
90
2
1
1
186
280
2
1
2
122
180
2
1
3
127
190
1
1
4
73
90
2
1
5
144
180
1
1
6
126
180
1
1
7
115
180
2
1
8
115
180
2
1
9
100
90
1
1
43
0
307
560
1
1
1
121
180
2
1
2
138
180
1
1
3
237
370
1
1
4
175
270
1
1
5
103
180
1
1
6
150
270
1
1
7
221
370
2
1
8
279
370
2
1
9
165
270
2
1
44
0
127
180
1
1
1
184
270
1
1
2
227
370
1
1
3
186
270
1
1
4
345
560
2
1
5
247
370
1
1
6
256
370
2
1
7
219
370
1
1
8
251
370
1
1
9
185
270
2
1
45
0
82
90
1
1
1
236
370
2
1
2
208
270
2
1
3
395
560
2
1
4
223
370
1
1
5
176
270
1
1
6
163
270
2
1
7
188
270
1
1
8
154
270
2
1
9
145
180
2
1
46
0
75
90
1
1
1
120
180
2
1
2
131
180
1
1
3
262
280
1
1
4
99
90
2
1
5
211
280
2
1
6
123
180
1
1
7
82
90
1
1
8
103
90
1
1
9
96
90
2
1
47
0
86
90
0
1
1
105
90
0
1
2
73
90
0
1
3
172
180
0
1
4
79
90
0
1
5
167
280
0
1
6
75
90
0
1
7
80
90
0
1
8
72
90
0
1
9
64
90
0
1
48
0
194
280
1
1
1
228
280
2
1
2
141
180
1
1
3
106
90
2
1
4
115
180
2
1
5
92
90
1
1
6
134
190
1
1
7
112
90
1
1
8
176
280
1
1
9
148
180
2
1
49
0
120
190
2
1
1
187
280
1
1
2
86
90
2
1
3
110
180
2
1
4
75
90
2
1
5
46
10
2
1
6
165
180
2
1
7
138
190
2
1
8
56
10
2
0
9
147
180
2
1
50
0
66
90
1
1
1
130
180
1
1
2
101
90
1
1
3
94
90
2
1
4
72
90
1
1
5
85
90
2
1
6
220
280
1
1
7
81
90
1
1
8
80
90
2
1
9
85
90
2
1
51
0
124
180
2
1
1
108
180
2
1
2
190
280
2
1
3
80
90
2
1
4
92
90
1
1
5
145
190
2
1
6
176
180
1
1
7
148
180
2
1
8
128
190
2
1
9
159
180
1
1
52
0
85
90
1
1
1
131
190
2
1
2
82
90
1
1
3
117
180
2
1
4
125
180
1
1
5
66
90
1
1
6
110
180
1
1
7
76
90
2
1
8
109
90
2
1
9
119
180
1
1
53
0
178
270
0
1
1
246
370
0
1
2
143
270
0
1
3
170
180
0
1
4
125
180
0
1
5
243
370
0
1
6
122
180
0
1
7
183
270
0
1
8
267
370
0
1
9
182
270
0
1
54
0
127
180
2
1
1
136
180
1
1
2
227
370
1
1
3
142
180
2
1
4
123
180
2
1
5
163
180
2
1
6
177
270
1
1
7
152
180
2
1
8
143
270
2
1
9
70
90
1
1
55
0
168
270
1
1
1
147
190
2
1
2
149
190
2
1
3
130
180
2
1
4
172
280
2
1
5
160
270
2
1
6
187
270
1
1
7
169
180
1
1
8
193
270
1
1
9
151
190
2
1
56
0
179
270
2
1
1
167
270
2
1
2
117
180
1
1
3
246
370
1
1
4
106
180
1
1
5
135
180
1
1
6
171
270
1
1
7
161
270
2
1
8
172
270
1
1
9
159
270
2
1
57
0
66
90
0
1
1
171
180
0
1
2
139
180
0
1
3
75
90
0
1
4
113
180
0
1
5
122
180
0
1
6
97
90
0
1
7
91
90
0
1
8
149
180
0
1
9
129
180
0
1
58
0
175
280
2
1
1
108
90
2
1
2
142
180
2
1
3
165
280
1
1
4
156
180
2
1
5
112
180
1
1
6
91
90
2
1
7
145
180
1
1
8
185
280
2
1
9
150
180
1
1
59
0
88
90
1
1
1
158
180
2
1
2
65
90
2
1
3
118
180
2
1
4
41
0
1
0
5
92
90
1
1
6
69
90
1
1
7
116
90
1
1
8
170
280
1
1
9
113
180
2
1
60
0
121
180
1
1
1
130
190
2
1
2
84
90
2
1
3
126
180
2
1
4
196
280
2
1
5
138
190
1
1
6
158
190
1
1
7
82
90
2
1
8
152
190
1
1
9
47
0
1
1
61
0
105
90
2
1
1
112
180
2
1
2
83
90
2
1
3
172
190
1
1
4
144
190
1
1
5
144
190
2
1
6
140
190
1
1
7
67
90
1
1
8
120
180
2
1
9
103
90
2
1
62
0
162
290
2
1
1
119
180
2
1
2
205
290
1
1
3
84
90
2
1
4
98
90
1
1
5
197
290
1
1
6
64
90
2
1
7
99
190
1
1
8
76
90
2
1
9
101
90
1
1
63
0
167
180
0
1
1
138
190
0
1
2
158
270
0
1
3
182
270
0
1
4
149
190
0
1
5
209
370
0
1
6
150
180
0
1
7
84
90
0
1
8
181
270
0
1
9
109
180
0
1
64
0
206
370
0
1
1
143
180
0
1
2
190
270
0
1
3
179
270
0
1
4
252
370
0
1
5
122
180
0
1
6
184
270
0
1
7
121
180
0
1
8
152
180
0
1
9
144
180
0
1
65
0
166
270
0
1
1
120
190
0
1
2
135
180
0
1
3
196
370
0
1
4
141
190
0
1
5
258
370
0
1
6
185
270
0
1
7
121
180
0
1
8
119
180
0
1
9
200
270
0
1
66
0
172
190
2
1
1
136
270
1
1
2
98
90
1
1
3
141
180
1
1
4
129
180
1
1
5
182
270
2
1
6
188
270
1
1
7
146
180
2
1
8
105
180
1
1
9
131
180
2
1
67
0
154
190
1
1
1
50
90
1
1
2
190
290
2
1
3
175
190
2
1
4
156
190
1
1
5
73
90
1
1
6
96
90
2
1
7
110
180
1
1
8
84
90
2
1
9
198
290
2
1
68
0
147
270
1
1
1
171
270
1
1
2
172
190
1
1
3
128
180
1
1
4
197
290
1
1
5
246
370
1
1
6
82
90
2
1
7
135
180
2
1
8
87
180
2
1
9
237
370
1
1
69
0
219
290
0
1
1
79
90
0
1
2
146
190
0
1
3
180
290
0
1
4
185
290
0
1
5
59
90
0
1
6
88
90
0
1
7
143
190
0
1
8
199
290
0
1
9
72
90
0
1
70
0
142
190
2
1
1
62
90
2
1
2
83
90
2
1
3
158
190
1
1
4
163
190
2
1
5
140
180
1
1
6
105
180
1
1
7
134
190
2
1
8
77
90
2
1
9
142
190
2
1
71
0
187
290
0
1
1
110
90
0
1
2
90
90
0
1
3
129
190
0
1
4
85
90
0
1
5
67
90
0
1
6
201
290
0
1
7
147
190
0
1
8
69
90
0
1
9
91
90
0
1
72
0
222
290
0
1
1
124
190
0
1
2
148
190
0
1
3
111
190
0
1
4
120
190
0
1
5
193
290
0
1
6
231
290
0
1
7
136
190
0
1
8
88
90
0
1
9
205
290
0
1
73
0
178
370
2
1
1
251
370
2
1
2
171
290
2
1
3
118
180
1
1
4
242
370
2
1
5
119
180
2
1
6
146
180
2
1
7
156
180
1
1
8
134
180
2
1
9
179
270
2
1
74
0
228
370
0
1
1
178
270
0
1
2
159
180
0
1
3
163
180
0
1
4
149
270
0
1
5
155
270
0
1
6
172
270
0
1
7
240
370
0
1
8
141
180
0
1
9
258
370
0
1
75
0
163
270
0
1
1
148
270
0
1
2
238
370
0
1
3
129
180
0
1
4
247
370
0
1
5
144
180
0
1
6
225
370
0
1
7
84
90
0
1
8
144
270
0
1
9
245
370
0
1
76
0
163
270
1
1
1
145
180
2
1
2
149
180
2
1
3
133
180
1
1
4
255
370
1
1
5
126
180
1
1
6
186
270
1
1
7
211
370
2
1
8
170
270
2
1
9
133
180
1
1
77
0
236
370
0
1
1
122
180
0
1
2
156
190
0
1
3
170
270
0
1
4
220
370
0
1
5
144
190
0
1
6
173
270
0
1
7
181
270
0
1
8
183
270
0
1
9
140
180
0
1
78
0
159
190
1
1
1
112
180
2
1
2
177
190
2
1
3
95
90
1
1
4
134
190
2
1
5
133
180
2
1
6
134
180
2
1
7
103
190
2
1
8
94
90
2
1
9
124
180
2
1
79
0
130
190
1
1
1
122
180
2
1
2
140
190
2
1
3
143
190
1
1
4
154
190
2
1
5
149
190
2
1
6
100
90
1
1
7
208
290
2
1
8
107
190
2
1
9
142
190
2
1
80
0
137
190
2
1
1
138
190
2
1
2
27
0
1
1
3
181
290
2
1
4
109
90
1
1
5
26
10
1
0
6
185
290
1
1
7
153
190
2
1
8
164
190
1
1
9
152
190
1
1
81
0
138
190
1
1
1
211
290
2
1
2
87
90
2
1
3
41
10
2
1
4
139
190
1
1
5
127
180
2
1
6
129
180
2
1
7
156
190
1
1
8
209
290
1
1
9
126
190
2
1
82
0
205
290
2
1
1
136
190
1
1
2
84
90
2
1
3
149
180
2
1
4
205
290
1
1
5
154
190
2
1
6
125
190
1
1
7
137
190
1
1
8
100
90
1
1
9
104
90
2
1
83
0
104
180
2
1
1
129
190
1
1
2
116
190
1
1
3
91
90
2
1
4
152
190
2
1
5
115
190
1
1
6
141
190
2
1
7
140
180
2
1
8
81
90
1
1
9
61
90
1
1
84
0
199
290
2
1
1
130
180
2
1
2
202
270
2
1
3
128
270
1
1
4
219
370
1
1
5
183
270
1
1
6
156
270
2
1
7
123
180
2
1
8
241
370
1
1
9
79
90
1
1
85
0
180
370
2
1
1
152
270
2
1
2
133
180
2
1
3
139
180
2
1
4
181
270
1
1
5
193
270
1
1
6
169
270
2
1
7
160
270
2
1
8
182
190
1
1
9
135
180
1
1
86
0
68
90
0
1
1
144
190
0
1
2
199
270
0
1
3
124
180
0
1
4
108
180
0
1
5
182
270
0
1
6
140
180
0
1
7
220
370
0
1
8
137
180
0
1
9
263
370
0
1
87
0
98
90
2
1
1
140
190
1
1
2
159
290
1
1
3
98
90
2
1
4
193
370
2
1
5
125
180
1
1
6
186
270
2
1
7
131
180
1
1
8
168
270
1
1
9
138
180
2
1
88
0
147
190
2
1
1
173
290
2
1
2
127
190
2
1
3
165
180
2
1
4
148
190
2
1
5
131
180
2
1
6
109
180
1
1
7
107
90
1
1
8
76
90
1
1
9
238
370
2
1
89
0
126
190
1
1
1
99
180
1
1
2
133
190
2
1
3
144
190
1
1
4
133
190
1
1
5
117
180
1
1
6
90
90
2
1
7
105
90
1
1
8
149
190
2
1
9
144
190
2
1
90
0
153
190
0
1
1
154
190
0
1
2
39
10
0
0
3
205
290
0
1
4
96
90
0
1
5
75
90
0
1
6
150
190
0
1
7
216
290
0
1
8
125
190
0
1
9
83
90
0
1
91
0
164
290
2
1
1
103
90
2
1
2
33
0
2
1
3
201
290
1
1
4
170
190
2
1
5
179
290
1
1
6
119
180
1
1
7
41
20
2
1
8
132
180
1
1
9
121
190
2
1
92
0
34
10
1
0
1
160
190
2
1
2
83
90
1
1
3
145
190
2
1
4
106
190
1
1
5
77
90
1
1
6
131
180
2
1
7
88
90
2
1
8
133
190
1
1
9
222
290
2
1
93
0
139
190
0
1
1
140
190
0
1
2
153
190
0
1
3
65
90
0
1
4
117
190
0
1
5
140
190
0
1
6
146
190
0
1
7
145
190
0
1
8
118
190
0
1
9
119
190
0
1
94
0
96
180
0
1
1
124
190
0
1
2
178
290
0
1
3
156
190
0
1
4
82
90
0
1
5
224
290
0
1
6
68
90
0
1
7
112
180
0
1
8
110
190
0
1
9
86
90
0
1
95
0
149
180
0
1
1
236
370
0
1
2
276
370
0
1
3
222
370
0
1
4
140
180
0
1
5
126
180
0
1
6
236
370
0
1
7
194
290
0
1
8
75
90
0
1
9
110
180
0
1
96
0
227
370
0
1
1
136
180
0
1
2
70
90
0
1
3
263
370
0
1
4
141
190
0
1
5
171
270
0
1
6
138
190
0
1
7
124
180
0
1
8
228
370
0
1
9
55
90
0
1
97
0
130
180
2
1
1
167
270
2
1
2
157
270
1
1
3
137
190
1
1
4
116
180
2
1
5
114
180
1
1
6
144
180
1
1
7
82
90
2
1
8
222
370
1
1
9
241
370
2
1
98
0
133
190
1
1
1
176
290
1
1
2
211
290
1
1
3
145
190
1
1
4
92
90
2
1
5
131
190
2
1
6
150
190
2
1
7
136
180
1
1
8
89
90
1
1
9
157
190
2
1
99
0
89
90
0
1
1
82
90
0
1
2
165
190
0
1
3
163
190
0
1
4
96
90
0
1
5
69
90
0
1
6
137
190
0
1
7
148
190
0
1
8
87
90
0
1
9
133
190
0
1
